-9.037670 -3.992328 0.754100
-9.037670 -2.769306 1.754100
-9.037670 -4.413511 2.754100
-9.037670 -5.928334 3.754100
-9.037670 -6.264056 4.754100
-9.037670 -3.410287 5.754100
-9.037670 -3.062509 6.754100
-9.037670 -3.337579 7.754100
-9.037670 -3.835450 8.754100
-9.037670 -2.989170 9.754100
-9.037670 -3.542258 10.754100
-9.037670 -1.600271 11.754100
-9.037670 -1.689057 12.754100
-9.037670 -3.159373 13.754100
-9.037670 1.615731 14.754100
-9.037670 0.543017 15.754100
-9.037670 -0.633428 16.754100
-9.037670 -0.251997 17.754100
-9.037670 1.834950 18.754100
-9.037670 2.314680 19.754100
-9.037670 2.508720 20.754100
-9.037670 2.600331 21.754100
-9.037670 1.089354 22.754100
-9.037670 -0.775464 23.754100
-9.037670 -0.572850 24.754100
-9.037670 0.119763 25.754100
-9.037670 0.093612 26.754100
-9.037670 -0.315388 27.754100
-9.037670 -0.093010 28.754100
-9.037670 0.355138 29.754100
-9.037670 4.848646 30.754100
-9.037670 4.495565 31.754100
-9.037670 4.568986 32.754100
-9.037670 5.145929 33.754100
-9.037670 5.720434 34.754100
-9.037670 8.064229 35.754100
-9.037670 9.034375 36.754100
-9.037670 11.181426 37.754100
-9.037670 11.861411 38.754100
-9.037670 11.817843 39.754100
-9.037670 8.573893 40.754100
-9.037670 7.486753 41.754100
-9.037670 11.097915 42.754100
-9.037670 11.677771 43.754100
-9.037670 12.528219 44.754100
-9.037670 12.710401 45.754100
-9.037670 12.157525 46.754100
-9.037670 12.695049 47.754100
-9.037670 14.295105 48.754100
-9.037670 13.944563 49.754100
-9.037670 17.762121 50.754100
-9.037670 18.498586 51.754100
-9.037670 20.471325 52.754100
-9.037670 20.747096 53.754100
-9.037670 22.639518 54.754100
-9.037670 24.215780 55.754100
-9.037670 25.181032 56.754100
-9.037670 28.762737 57.754100
-9.037670 29.488650 58.754100
-9.037670 29.875669 59.754100
-9.037670 31.121500 60.754100
-9.037670 35.552450 61.754100
-9.037670 35.918502 62.754100
-9.037670 32.820501 63.754100
-9.037670 37.105180 64.754100
-9.037670 41.156998 65.754100
-9.037670 37.771839 57.490655
-9.037670 38.688691 57.931410
-9.037670 39.639942 58.325256
-9.037670 40.769773 58.475584
-9.037670 40.592904 60.407777
-9.037670 41.423512 60.966135
-9.037670 41.607395 62.406393
-9.037670 42.417557 62.992633
-9.037670 43.351000 63.410763
-9.037670 44.360283 63.725475
-9.037670 45.689700 63.603641
-9.037670 47.501034 62.824646
-9.037670 48.388823 63.305032
-9.037670 49.315716 63.732093
-9.037670 50.656879 63.594243
-9.037670 51.311602 64.392445
-9.037670 52.352257 64.664376
-9.037670 53.126295 65.299878
-9.037670 53.977387 65.830303
-9.037670 55.011574 66.111056
-9.037670 56.129408 66.277744
-9.037670 57.128364 66.606538
-9.037670 58.126794 66.936050
-9.037670 59.214448 67.143891
-9.037670 59.942829 67.841652
-9.037670 61.060713 68.008271
-9.037670 62.015253 68.397633
-9.037670 62.919182 68.856009
-9.037670 64.094266 68.944629
-9.037670 65.090679 69.276890
-9.037670 66.738101 68.721413
-9.037670 67.561337 69.289825
-9.037670 68.418639 69.811783
-9.037670 69.527676 69.990468
-9.037670 70.026013 71.001924
-9.037670 71.073171 71.264988
-9.037670 72.090789 71.568334
-9.037670 73.140879 71.827400
-9.037670 74.848113 71.190360
-9.037670 75.862209 71.498508
-9.037670 77.136877 71.451331
-9.037670 78.189684 71.706693
-9.037670 79.312845 71.866116
-9.037670 80.403315 72.070118
-9.037670 81.504548 72.259443
-9.037670 82.603217 72.452266
-9.037670 83.733060 72.602578
-9.037670 84.798530 72.840672
-9.037670 85.909595 73.016589
-9.037670 87.016085 73.198745
-9.037670 88.066733 73.457051
-9.037670 89.212695 73.585383
-9.037670 90.337454 73.742627
-9.037670 91.398670 73.986522
-9.037670 92.556717 74.098373
-9.037670 93.704509 74.224209
-9.037670 94.853000 74.349092
-9.037670 96.075144 74.373538
-9.037670 97.228076 74.492366
-9.037670 98.394419 74.592904
-9.037670 99.560763 74.693443
-9.037670 100.756999 74.753218
-9.037670 101.924504 74.852172
-9.037670 103.098655 74.942065
-9.037670 104.275385 75.028439
-9.037670 105.456596 75.108704
