-5.360287 -560.290687 160.836502
-5.360287 -560.267637 161.017502
-5.360287 -560.292753 161.198502
-5.360287 -560.347434 161.379502
-5.360287 -560.418633 161.560502
-5.360287 -560.497265 161.741502
-5.360287 -560.577083 161.922502
-5.360287 -560.653897 162.103502
-5.360287 -560.725012 162.284502
-5.360287 -560.788828 162.465502
-5.360287 -560.844549 162.646502
-5.360287 -560.891963 162.827502
-5.360287 -560.931278 163.008502
-5.360287 -560.962998 163.189502
-5.360287 -560.987821 163.370502
-5.360287 -561.006566 163.551502
-5.360287 -561.020108 163.732502
-5.360287 -561.029334 163.913502
-5.360287 -561.035105 164.094502
-5.360287 -561.038231 164.275502
-5.360287 -561.039450 164.456502
-5.360287 -561.039420 164.637502
-5.360287 -561.038709 164.818502
-5.360287 -561.037794 164.999502
-5.360287 -561.037062 165.180502
-5.360287 -561.036819 165.361502
-5.360287 -561.037290 165.542502
-5.360287 -561.038631 165.723502
-5.360287 -561.040939 165.904502
-5.360287 -561.044257 166.085502
-5.360287 -561.048586 166.266502
-5.360287 -561.053896 166.447502
-5.360287 -561.060129 166.628502
-5.360287 -561.067209 166.809502
-5.360287 -561.075048 166.990502
-5.360287 -561.083555 167.171502
-5.360287 -561.092635 167.352502
-5.360287 -561.102194 167.533502
-5.360287 -561.112146 167.714502
-5.360287 -561.122409 167.895502
-5.360287 -561.132910 168.076502
-5.360287 -561.143583 168.257502
-5.360287 -561.154372 168.438502
-5.360287 -561.165227 168.619502
-5.360287 -561.176104 168.800502
-5.360287 -561.186966 168.981502
-5.360287 -561.197779 169.162502
-5.360287 -561.208513 169.343502
-5.360287 -561.219140 169.524502
-5.360287 -561.229631 169.705502
-5.360287 -561.239957 169.886502
-5.360287 -561.250087 170.067502
-5.360287 -561.259988 170.248502
-5.360287 -561.269624 170.429502
-5.360287 -561.278956 170.610502
-5.360287 -561.287939 170.791502
-5.360287 -561.296529 170.972502
-5.360287 -561.304674 171.153502
-5.360287 -561.312323 171.334502
-5.360287 -561.319420 171.515502
-5.360287 -561.325910 171.696502
-5.360287 -561.331734 171.877502
-5.360287 -561.336838 172.058502
-5.360287 -561.341163 172.239502
-5.360287 -561.344657 172.420503
-5.360287 -561.347268 172.601502
-5.360287 -561.348950 172.782502
-5.360287 -561.349659 172.963502
-5.360287 -561.349358 173.144503
-5.360287 -561.348017 173.325502
-5.360287 -561.345609 173.506502
-5.360287 -561.342119 173.687502
-5.360287 -561.337536 173.868502
-5.360287 -561.331857 174.049502
-5.360287 -561.325088 174.230502
-5.360287 -561.317242 174.411503
-5.360287 -561.308341 174.592502
-5.360287 -561.298412 174.773502
-5.360287 -561.287492 174.954502
-5.360287 -561.275622 175.135503
-5.360287 -561.262851 175.316502
-5.360287 -561.249233 175.497502
-5.360287 -561.234826 175.678502
-5.360287 -561.219695 175.859502
-5.360287 -561.203905 176.040502
-5.360287 -561.187527 176.221502
-5.360287 -561.170632 176.402503
-5.360287 -561.153293 176.583502
-5.360287 -561.135583 176.764502
-5.360287 -561.117576 176.945502
-5.360287 -561.099343 177.126503
-5.360287 -561.080956 177.307502
-5.360287 -561.062483 177.488502
-5.360287 -561.043989 177.669502
-5.360287 -561.025537 177.850501
-5.360287 -561.007184 178.031502
-5.360287 -560.988986 178.212502
-5.360287 -560.970991 178.393503
-5.360287 -560.953244 178.574502
-5.360287 -560.935785 178.755502
-5.360287 -560.918648 178.936502
-5.360287 -560.901861 179.117503
-5.360287 -560.885448 179.298502
-5.360287 -560.869427 179.479502
-5.360287 -560.853811 179.660502
-5.360287 -560.838605 179.841501
-5.360287 -560.823813 180.022502
-5.360287 -560.809432 180.203502
-5.360287 -560.795454 180.384503
-5.360287 -560.781866 180.565502
-5.360287 -560.768653 180.746502
-5.360287 -560.755794 180.927502
-5.360287 -560.743267 181.108503
-5.360287 -560.731043 181.289502
-5.360287 -560.719093 181.470502
-5.360287 -560.707386 181.651502
-5.360287 -560.695887 181.832501
-5.360287 -560.684561 182.013502
-5.360287 -560.673369 182.194502
-5.360287 -560.662274 182.375503
-5.360287 -560.651238 182.556502
-5.360287 -560.640220 182.737502
-5.360287 -560.629181 182.918502
-5.360287 -560.618084 183.099503
-5.360287 -560.606889 183.280502
-5.360287 -560.595559 183.461502
-5.360287 -560.584058 183.642502
-5.360287 -560.572351 183.823503
-5.360287 -560.560405 184.004503
-5.360287 -560.548189 184.185501
-5.360287 -560.535672 184.366501
-5.360287 -560.522827 184.547502
-5.360287 -560.509629 184.728502
-5.360287 -560.496055 184.909502
-5.360287 -560.482084 185.090503
-5.360287 -560.467697 185.271503
-5.360287 -560.452880 185.452503
-5.360287 -560.437618 185.633501
-5.360287 -560.421902 185.814501
-5.360287 -560.405722 185.995502
-5.360287 -560.389073 186.176502
-5.360287 -560.371952 186.357503
-5.360287 -560.354357 186.538503
-5.360287 -560.336290 186.719503
-5.360287 -560.317755 186.900501
-5.360287 -560.298757 187.081501
-5.360287 -560.279304 187.262502
-5.360287 -560.259405 187.443502
-5.360287 -560.239073 187.624502
-5.360287 -560.218320 187.805503
-5.360287 -560.197162 187.986503
-5.360287 -560.175615 188.167501
-5.360287 -560.153697 188.348501
-5.360287 -560.131426 188.529502
-5.360287 -560.108823 188.710502
-5.360287 -560.085909 188.891502
-5.360287 -560.062706 189.072503
-5.360287 -560.039237 189.253503
-5.360287 -560.015525 189.434503
-5.360287 -559.991595 189.615501
-5.360287 -559.967469 189.796501
-5.360287 -559.943175 189.977502
-5.360287 -559.918735 190.158502
-5.360287 -559.894175 190.339503
-5.360287 -559.869521 190.520503
-5.360287 -559.844797 190.701503
-5.360287 -559.820028 190.882501
-5.360287 -559.795239 191.063501
-5.360287 -559.770453 191.244502
-5.360287 -559.745696 191.425502
-5.360287 -559.720990 191.606502
-5.360287 -559.696360 191.787503
-5.360287 -559.671827 191.968503
-5.360287 -559.647414 192.149501
-5.360287 -559.623143 192.330501
-5.360287 -559.599035 192.511502
-5.360287 -559.575110 192.692502
-5.360287 -559.551389 192.873502
-5.360287 -559.527891 193.054503
-5.360287 -559.504635 193.235503
-5.360287 -559.481640 193.416503
-5.360287 -559.458923 193.597501
-5.360287 -559.436501 193.778501
-5.360287 -559.414391 193.959502
-5.360287 -559.392609 194.140502
-5.360287 -559.371170 194.321503
-5.360287 -559.350091 194.502503
-5.360287 -559.329385 194.683503
-5.360287 -559.309067 194.864501
-5.360287 -559.289151 195.045501
-5.360287 -559.269649 195.226502
-5.360287 -559.250574 195.407502
-5.360287 -559.231941 195.588502
-5.360287 -559.213759 195.769503
-5.360287 -559.196042 195.950503
-5.360287 -559.178802 196.131501
-5.360287 -559.162049 196.312501
-5.360287 -559.145794 196.493502
-5.360287 -559.130048 196.674502
-5.360287 -559.114822 196.855502
-5.360287 -559.100125 197.036503
-5.360287 -559.085968 197.217503
-5.360287 -559.072361 197.398503
-5.360287 -559.059313 197.579501
-5.360287 -559.046832 197.760501
-5.360287 -559.034927 197.941502
-5.360287 -559.023608 198.122502
-5.360287 -559.012882 198.303502
-5.360287 -559.002757 198.484503
-5.360287 -558.993240 198.665503
-5.360287 -558.984339 198.846501
-5.360287 -558.976060 199.027501
-5.360287 -558.968409 199.208502
-5.360287 -558.961392 199.389502
-5.360287 -558.955014 199.570502
-5.360287 -558.949280 199.751503
-5.360287 -558.944193 199.932503
-5.360287 -558.939757 200.113501
-5.360287 -558.935974 200.294501
-5.360287 -558.932847 200.475501
-5.360287 -558.930376 200.656502
-5.360287 -558.928563 200.837502
-5.360287 -558.927405 201.018503
-5.360287 -558.926904 201.199503
-5.360287 -558.927055 201.380503
-5.360287 -558.927856 201.561501
-5.360287 -558.929304 201.742501
-5.360287 -558.931392 201.923502
-5.360287 -558.934115 202.104502
-5.360287 -558.937466 202.285502
-5.360287 -558.941436 202.466503
-5.360287 -558.946017 202.647503
-5.360287 -558.951197 202.828501
-5.360287 -558.956967 203.009501
-5.360287 -558.963312 203.190502
-5.360287 -558.970221 203.371502
-5.360287 -558.977677 203.552502
-5.360287 -558.985665 203.733503
-5.360287 -558.994169 203.914503
-5.360287 -559.003170 204.095501
-5.360287 -559.012650 204.276501
-5.360287 -559.022588 204.457501
-5.360287 -559.032964 204.638502
-5.360287 -559.043756 204.819502
-5.360287 -559.054942 205.000503
-5.360287 -559.066497 205.181503
-5.360287 -559.078397 205.362503
-5.360287 -559.090617 205.543501
-5.360287 -559.103132 205.724501
-5.360287 -559.115914 205.905502
-5.360287 -559.128937 206.086502
-5.360287 -559.142173 206.267500
-5.360287 -559.155594 206.448503
-5.360287 -559.169171 206.629500
-5.360287 -559.182876 206.810504
-5.360287 -559.196679 206.991501
-5.360287 -559.210552 207.172504
-5.360287 -559.224465 207.353502
-5.360287 -559.238389 207.534500
-5.360287 -559.252294 207.715503
-5.360287 -559.266151 207.896500
-5.360287 -559.279932 208.077503
-5.360287 -559.293607 208.258501
-5.360287 -559.307149 208.439504
-5.360287 -559.320530 208.620502
-5.360287 -559.333721 208.801499
-5.360287 -559.346698 208.982503
-5.360287 -559.359433 209.163500
-5.360287 -559.371901 209.344503
-5.360287 -559.384077 209.525501
-5.360287 -559.395939 209.706504
-5.360287 -559.407462 209.887502
-5.360287 -559.418625 210.068505
-5.360287 -559.429408 210.249502
-5.360287 -559.439790 210.430500
-5.360287 -559.449753 210.611503
-5.360287 -559.459280 210.792501
-5.360287 -559.468355 210.973504
-5.360287 -559.476961 211.154502
-5.360287 -559.485087 211.335505
-5.360287 -559.492718 211.516502
-5.360287 -559.499845 211.697500
-5.360287 -559.506457 211.878503
-5.360287 -559.512546 212.059501
-5.360287 -559.518105 212.240504
-5.360287 -559.523128 212.421501
-5.360287 -559.527611 212.602505
-5.360287 -559.531551 212.783502
-5.360287 -559.534947 212.964500
-5.360287 -559.537798 213.145503
-5.360287 -559.540105 213.326501
-5.360287 -559.541871 213.507504
-5.360287 -559.543100 213.688501
-5.360287 -559.543797 213.869504
-5.360287 -559.543967 214.050502
-5.360287 -559.543619 214.231500
-5.360287 -559.542761 214.412503
-5.360287 -559.541403 214.593501
-5.360287 -559.539555 214.774504
-5.360287 -559.537231 214.955501
-5.360287 -559.534441 215.136504
-5.360287 -559.531201 215.317502
-5.360287 -559.527526 215.498500
-5.360287 -559.523430 215.679503
-5.360287 -559.518931 215.860501
-5.360287 -559.514045 216.041504
-5.360287 -559.508791 216.222502
-5.360287 -559.503188 216.403505
-5.360287 -559.497254 216.584503
-5.360287 -559.491009 216.765501
-5.360287 -559.484474 216.946504
-5.360287 -559.477669 217.127502
-5.360287 -559.470615 217.308505
-5.360287 -559.463334 217.489503
-5.360287 -559.455848 217.670507
-5.360287 -559.448178 217.851505
-5.360287 -559.440346 218.032508
-5.360287 -559.432375 218.213507
-5.360287 -559.424288 218.394505
-5.360287 -559.416105 218.575509
-5.360287 -559.407851 218.756508
-5.360287 -559.399546 218.937512
-5.360287 -559.391215 219.118511
-5.360287 -559.382877 219.299515
-5.360287 -559.374557 219.480515
-5.360287 -559.366275 219.661514
-5.360287 -559.358053 219.842520
-5.360287 -559.349913 220.023520
-5.360287 -559.341875 220.204526
-5.360287 -559.333960 220.385528
-5.360287 -559.326190 220.566535
-5.360287 -559.318584 220.747537
-5.360287 -559.311161 220.928540
-5.360287 -559.303942 221.109550
-5.360287 -559.296946 221.290555
-5.360287 -559.290191 221.471566
-5.360287 -559.283695 221.652573
-5.360287 -559.277477 221.833587
-5.360287 -559.271554 222.014597
-5.360287 -559.265943 222.195608
-5.360287 -559.260661 222.376627
-5.360287 -559.255723 222.557643
-5.360287 -559.251147 222.738666
-5.360287 -559.246947 222.919687
-5.360287 -559.243138 223.100716
-5.360287 -559.239735 223.281744
-5.360287 -559.236752 223.462775
-5.360287 -559.234203 223.643816
-5.360287 -559.232101 223.824857
-5.360287 -559.230460 224.005909
-5.360287 -559.229292 224.186961
-5.360287 -559.228609 224.368026
-5.360287 -559.228424 224.549093
-5.360287 -559.228747 224.730169
-5.360287 -559.229590 224.911260
-5.360287 -559.230964 225.092356
-5.360287 -559.232879 225.273470
-5.360287 -559.235345 225.454591
-5.360287 -559.238373 225.635732
-5.360287 -559.241971 225.816885
-5.360287 -559.246149 225.998060
-5.360287 -559.250915 226.179251
-5.360287 -559.256279 226.360464
-5.360287 -559.262247 226.541706
-5.360287 -559.268828 226.722970
-5.360287 -559.276028 226.904270
-5.360287 -559.283856 227.085596
-5.360287 -559.292318 227.266965
-5.360287 -559.301419 227.448368
-5.360287 -559.311166 227.629814
-5.360287 -559.321564 227.811314
-5.360287 -559.332617 227.992862
-5.360287 -559.344332 228.174472
-5.360287 -559.356710 228.356140
-5.360287 -559.369758 228.537883
-5.360287 -559.383475 228.719696
-5.360287 -559.397866 228.901591
-5.360287 -559.412933 229.083582
-5.360287 -559.428675 229.265665
-5.360287 -559.445095 229.447861
-5.360287 -559.462191 229.630167
-5.360287 -559.479964 229.812605
-5.360287 -559.498410 229.995174
-5.360287 -559.517528 230.177893
-5.360287 -559.537315 230.360777
-5.360287 -559.557766 230.543831
-5.360287 -559.578875 230.727079
-5.360287 -559.600637 230.910526
-5.360287 -559.623044 231.094198
-5.360287 -559.646086 231.278102
-5.360287 -559.669756 231.462263
-5.360287 -559.694042 231.646706
-5.360287 -559.718931 231.831440
-5.360287 -559.744411 232.016498
-5.360287 -559.770464 232.201894
-5.360287 -559.797077 232.387664
-5.360287 -559.824228 232.573823
-5.360287 -559.851901 232.760410
-5.360287 -559.880071 232.947443
-5.360287 -559.908717 233.134961
-5.360287 -559.937814 233.323000
-5.360287 -559.967333 233.511586
-5.360287 -559.997248 233.700765
-5.360287 -560.027525 233.890566
-5.360287 -560.058133 234.081039
-5.360287 -560.089036 234.272216
-5.360287 -560.120196 234.464147
-5.360287 -560.151575 234.656884
-5.360287 -560.183129 234.850464
-5.360287 -560.214816 235.044950
-5.360287 -560.246587 235.240382
-5.360287 -560.278394 235.436828
-5.360287 -560.310185 235.634333
-5.360287 -560.341906 235.832962
-5.360287 -560.373501 236.032783
-5.360287 -560.404908 236.233849
-5.360287 -560.436069 236.436237
-5.360287 -560.466916 236.640005
-5.360287 -560.497383 236.845235
-5.360287 -560.527401 237.051988
-5.360287 -560.556897 237.260345
-5.360287 -560.585796 237.470391
-5.360287 -560.614021 237.682192
-5.360287 -560.641491 237.895843
-5.360287 -560.668124 238.111415
-5.360287 -560.693836 238.329005
-5.360287 -560.718538 238.548690
-5.360287 -560.742141 238.770564
-5.360287 -560.764554 238.994724
-5.360287 -560.785682 239.221252
-5.360287 -560.805430 239.450252
-5.360287 -560.823698 239.681808
-5.360287 -560.840388 239.916030
-5.360287 -560.855398 240.153000
-5.360287 -560.868624 240.392825
-5.360287 -560.879964 240.635610
-5.360287 -560.889310 240.881440
-5.360287 -560.896557 241.130430
-5.360287 -560.901597 241.382665
-5.360287 -560.904321 241.638258
-5.360287 -560.904620 241.897295
-5.360287 -560.902386 242.159890
-5.360287 -560.897511 242.426124
-5.360287 -560.889884 242.696102
-5.360287 -560.879396 242.969928
-5.360287 -560.865942 243.247679
-5.360287 -560.849413 243.529463
-5.360287 -560.829704 243.815355
-5.360287 -560.806709 244.105457
-5.360287 -560.780327 244.399837
-5.360287 -560.750458 244.698586
-5.360287 -560.717000 245.001790
-5.360287 -560.679859 245.309506
-5.360287 -560.638941 245.621823
-5.360287 -560.594157 245.938790
-5.360287 -560.545418 246.260486
-5.360287 -560.492642 246.586950
-5.360287 -560.435748 246.918244
-5.360287 -560.374659 247.254424
-5.360287 -560.309306 247.595512
-5.360287 -560.239621 247.941563
-5.360287 -560.165543 248.292586
-5.360287 -560.087012 248.648625
-5.360287 -560.003982 249.009674
-5.360287 -559.916403 249.375754
-5.360287 -559.824232 249.746878
-5.360287 -559.727441 250.123019
-5.360287 -559.625994 250.504187
-5.360287 -559.519876 250.890340
-5.360287 -559.409065 251.281472
-5.360287 -559.293556 251.677524
-5.360287 -559.173346 252.078466
-5.360287 -559.048433 252.484257
-5.360287 -558.918835 252.894813
-5.360287 -558.784564 253.310092
-5.360287 -558.645650 253.729991
-5.360287 -558.502118 254.154452
-5.360287 -558.354014 254.583357
-5.360287 -558.201379 255.016618
-5.360287 -558.044261 255.454138
-5.360287 -557.882727 255.895776
-5.360287 -557.716834 256.341433
-5.360287 -557.546665 256.790949
-5.360287 -557.372287 257.244212
-5.360287 -557.193796 257.701046
-5.360287 -557.011274 258.161326
-5.360287 -556.824828 258.624860
-5.360287 -556.634556 259.091496
-5.360287 -556.440562 259.561072
-5.360287 -556.242971 260.033378
-5.360287 -556.041891 260.508258
-5.360287 -555.837458 260.985489
-5.360287 -555.629789 261.464903
-5.360287 -555.419030 261.946269
-5.360287 -555.205311 262.429394
-5.360287 -554.988768 262.914083
-5.360287 -554.769556 263.400092
-5.360287 -554.547811 263.887232
-5.360287 -554.323695 264.375255
-5.360287 -554.097347 264.863967
-5.360287 -553.868935 265.353113
-5.360287 -553.638608 265.842484
-5.360287 -553.406523 266.331852
-5.360287 -553.172822 266.821019
-5.360287 -552.937694 267.309700
-5.360287 -552.701281 267.797696
-5.360287 -552.463742 268.284782
-5.360287 -552.225220 268.770762
-5.360287 -551.985900 269.255355
-5.360287 -551.745923 269.738370
-5.360287 -551.505441 270.219590
-5.360287 -551.264607 270.698798
-5.360287 -551.023555 271.175813
-5.360287 -550.782460 271.650370
-5.360287 -550.541450 272.122294
-5.360287 -550.300667 272.591389
-5.360287 -550.060246 273.057460
-5.360287 -549.820307 273.520347
-5.360287 -549.581005 273.979813
-5.360287 -549.342452 274.435710
-5.360287 -549.104767 274.887869
-5.360287 -548.868051 275.336152
-5.360287 -548.632443 275.780350
-5.360287 -548.398035 276.220341
-5.360287 -548.164925 276.655984
-5.360287 -547.933209 277.087143
-5.360287 -547.702963 277.513717
-5.360287 -547.474298 277.935536
-5.360287 -547.247278 278.352514
-5.360287 -547.021977 278.764549
-5.360287 -546.798461 279.171545
-5.360287 -546.576778 279.573437
-5.360287 -546.357010 279.970099
-5.360287 -546.139195 280.361484
-5.360287 -545.923377 280.747529
-5.360287 -545.709581 281.128200
-5.360287 -545.497867 281.503404
-5.360287 -545.288250 281.873125
-5.360287 -545.080752 282.237331
-5.360287 -544.875390 282.595997
-5.360287 -544.672166 282.949126
-5.360287 -544.471109 283.296668
-5.360287 -544.272212 283.638639
-5.360287 -544.075471 283.975045
-5.360287 -543.880868 284.305916
-5.360287 -543.688415 284.631229
-5.360287 -543.498085 284.951027
-5.360287 -543.309860 285.265340
-5.360287 -543.123716 285.574203
-5.360287 -542.939616 285.877674
-5.360287 -542.757552 286.175763
-5.360287 -542.577480 286.468540
-5.360287 -542.399363 286.756058
-5.360287 -542.223163 287.038378
-5.360287 -542.048828 287.315581
-5.360287 -541.876335 287.587701
-5.360287 -541.705627 287.854825
-5.360287 -541.536657 288.117030
-5.360287 -541.369366 288.374406
-5.360287 -541.203721 288.627005
-5.360287 -541.039661 288.874924
-5.360287 -540.877131 289.118248
-5.360287 -540.716078 289.357064
-5.360287 -540.556436 289.591475
-5.360287 -540.398168 289.821543
-5.360287 -540.241208 290.047373
-5.360287 -540.085499 290.269058
-5.360287 -539.930985 290.486690
-5.360287 -539.777600 290.700376
-5.360287 -539.625305 290.910184
-5.360287 -539.474035 291.116222
-5.360287 -539.323734 291.318582
-5.360287 -539.174337 291.517371
-5.360287 -539.025809 291.712658
-5.360287 -538.878086 291.904548
-5.360287 -538.731115 292.093133
-5.360287 -538.584846 292.278505
-5.360287 -538.439217 292.460764
-5.360287 -538.294198 292.639979
-5.360287 -538.149731 292.816248
-5.360287 -538.005768 292.989659
-5.360287 -537.862265 293.160297
-5.360287 -537.719169 293.328256
-5.360287 -537.576454 293.493599
-5.360287 -537.434070 293.656417
-5.360287 -537.291978 293.816791
-5.360287 -537.150131 293.974807
-5.360287 -537.008509 294.130524
-5.360287 -536.867070 294.284025
-5.360287 -536.725779 294.435384
-5.360287 -536.584607 294.584672
-5.360287 -536.443513 294.731968
-5.360287 -536.302487 294.877323
-5.360287 -536.161493 295.020812
-5.360287 -536.020507 295.162501
-5.360287 -535.879497 295.302460
-5.360287 -535.738458 295.440735
-5.360287 -535.597360 295.577394
-5.360287 -535.456187 295.712497
-5.360287 -535.314919 295.846100
-5.360287 -535.173534 295.978267
-5.360287 -535.032033 296.109036
-5.360287 -534.890397 296.238470
-5.360287 -534.748612 296.366618
-5.360287 -534.606670 296.493531
-5.360287 -534.464553 296.619267
-5.360287 -534.322271 296.743857
-5.360287 -534.179809 296.867356
-5.360287 -534.037161 296.989810
-5.360287 -533.894316 297.111269
-5.360287 -533.751288 297.231763
-5.360287 -533.608067 297.351341
-5.360287 -533.464651 297.470044
-5.360287 -533.321041 297.587913
-5.360287 -533.177230 297.704993
-5.360287 -533.033235 297.821310
-5.360287 -532.889053 297.936906
-5.360287 -532.744685 298.051819
-5.360287 -532.600135 298.166084
-5.360287 -532.455401 298.279742
-5.360287 -532.310503 298.392814
-5.360287 -532.165440 298.505339
-5.360287 -532.020218 298.617349
-5.360287 -531.874833 298.728882
-5.360287 -531.729312 298.839955
-5.360287 -531.583651 298.950602
-5.360287 -531.437858 299.060854
-5.360287 -531.291942 299.170738
-5.360287 -531.145900 299.280285
-5.360287 -530.999758 299.389510
-5.360287 -530.853516 299.498443
-5.360287 -530.707180 299.607107
-5.360287 -530.560750 299.715533
-5.360287 -530.414251 299.823729
-5.360287 -530.267682 299.931721
-5.360287 -530.121049 300.039530
-5.360287 -529.974359 300.147174
-5.360287 -529.827611 300.254677
-5.360287 -529.680828 300.362043
-5.360287 -529.534008 300.469293
-5.360287 -529.387155 300.576441
-5.360287 -529.240276 300.683501
-5.360287 -529.093365 300.790490
-5.360287 -528.946444 300.897406
-5.360287 -528.799509 301.004265
-5.360287 -528.652562 301.111076
-5.360287 -528.505597 301.217851
-5.360287 -528.358633 301.324584
-5.360287 -528.211664 301.431285
-5.360287 -528.064688 301.537958
-5.360287 -527.917708 301.644606
-5.360287 -527.770713 301.751234
-5.360287 -527.623720 301.857831
-5.360287 -527.476718 301.964402
-5.360287 -527.329705 302.070943
-5.360287 -527.182678 302.177452
-5.360287 -527.035625 302.283930
-5.360287 -526.888559 302.390358
-5.360287 -526.741466 302.496736
-5.360287 -526.594342 302.603057
-5.360287 -526.447172 302.709318
-5.360287 -526.299967 302.815496
-5.360287 -526.152711 302.921589
-5.360287 -526.005398 303.027584
-5.360287 -525.858020 303.133470
-5.360287 -525.710560 303.239241
-5.360287 -525.563028 303.344870
-5.360287 -525.415405 303.450352
-5.360287 -525.267685 303.555671
-5.360287 -525.119847 303.660819
-5.360287 -524.971902 303.765770
-5.360287 -524.823830 303.870515
-5.360287 -524.675623 303.975038
-5.360287 -524.527272 304.079324
-5.360287 -524.378756 304.183365
-5.360287 -524.230086 304.287132
-5.360287 -524.081243 304.390618
-5.360287 -523.932218 304.493807
-5.360287 -523.783001 304.596685
-5.360287 -523.633576 304.699244
-5.360287 -523.483952 304.801459
-5.360287 -523.334112 304.903322
-5.360287 -523.184047 305.004820
-5.360287 -523.033743 305.105949
-5.360287 -522.883209 305.206684
-5.360287 -522.732431 305.307022
-5.360287 -522.581403 305.406954
-5.360287 -522.430119 305.506469
-5.360287 -522.278566 305.605568
-5.360287 -522.126757 305.704230
-5.360287 -521.974680 305.802457
-5.360287 -521.822332 305.900243
-5.360287 -521.669711 305.997586
-5.360287 -521.516806 306.094487
-5.360287 -521.363635 306.190935
-5.360287 -521.210188 306.286935
-5.360287 -521.056465 306.382488
-5.360287 -520.902460 306.477600
-5.360287 -520.748191 306.572265
-5.360287 -520.593653 306.666492
-5.360287 -520.438849 306.760286
-5.360287 -520.283782 306.853654
-5.360287 -520.128448 306.946609
-5.360287 -519.972872 307.039149
-5.360287 -519.817049 307.131288
-5.360287 -519.660986 307.223037
-5.360287 -519.504690 307.314407
-5.360287 -519.348160 307.405417
-5.360287 -519.191422 307.496069
-5.360287 -519.034475 307.586382
-5.360287 -518.877329 307.676371
-5.360287 -518.719984 307.766057
-5.360287 -518.562468 307.855445
-5.360287 -518.404783 307.944557
-5.360287 -518.246938 308.033411
-5.360287 -518.088945 308.122023
-5.360287 -517.930805 308.210418
-5.360287 -517.772549 308.298602
-5.360287 -517.614178 308.386600
-5.360287 -517.455703 308.474431
-5.360287 -517.297127 308.562117
-5.360287 -517.138481 308.649667
-5.360287 -516.979765 308.737106
-5.360287 -516.820993 308.824452
-5.360287 -516.662174 308.911723
-5.360287 -516.503311 308.998942
-5.360287 -516.344434 309.086118
-5.360287 -516.185544 309.173273
-5.360287 -516.026651 309.260423
-5.360287 -515.867766 309.347586
-5.360287 -515.708890 309.434783
-5.360287 -515.550050 309.522020
-5.360287 -515.391246 309.609316
-5.360287 -515.232488 309.696685
-5.360287 -515.073775 309.784147
-5.360287 -514.915132 309.871705
-5.360287 -514.756559 309.959375
-5.360287 -514.598063 310.047169
-5.360287 -514.439649 310.135097
-5.360287 -514.281315 310.223176
-5.360287 -514.123084 310.311403
-5.360287 -513.964954 310.399792
-5.360287 -513.806927 310.488350
-5.360287 -513.649009 310.577085
-5.360287 -513.491193 310.666006
-5.360287 -513.333502 310.755108
-5.360287 -513.175927 310.844400
-5.360287 -513.018472 310.933886
-5.360287 -512.861128 311.023574
-5.360287 -512.703915 311.113455
-5.360287 -512.546824 311.203534
-5.360287 -512.389856 311.293812
-5.360287 -512.233010 311.384288
-5.360287 -512.076276 311.474967
-5.360287 -511.919672 311.565836
-5.360287 -511.763186 311.656897
-5.360287 -511.606817 311.748149
-5.360287 -511.450553 311.839592
-5.360287 -511.294410 311.931212
-5.360287 -511.138377 312.023009
-5.360287 -510.982450 312.114979
-5.360287 -510.826626 312.207115
-5.360287 -510.670892 312.299419
-5.360287 -510.515262 312.391873
-5.360287 -510.359725 312.484475
-5.360287 -510.204275 312.577221
-5.360287 -510.048909 312.670102
-5.360287 -509.893613 312.763118
-5.360287 -509.738402 312.856251
-5.360287 -509.583262 312.949500
-5.360287 -509.428189 313.042857
-5.360287 -509.273169 313.136321
-5.360287 -509.118217 313.229875
-5.360287 -508.963319 313.323518
-5.360287 -508.808472 313.417242
-5.360287 -508.653671 313.511043
-5.360287 -508.498905 313.604919
-5.360287 -508.344187 313.698853
-5.360287 -508.189505 313.792846
-5.360287 -508.034856 313.886893
-5.360287 -507.880237 313.980989
-5.360287 -507.725637 314.075136
-5.360287 -507.571072 314.169318
-5.360287 -507.416529 314.263537
-5.360287 -507.262008 314.357792
-5.360287 -507.107498 314.452084
-5.360287 -506.953015 314.546401
-5.360287 -506.798551 314.640748
-5.360287 -506.644104 314.735124
-5.360287 -506.489675 314.829527
-5.360287 -506.335255 314.923966
-5.360287 -506.180862 315.018428
-5.360287 -506.026488 315.112922
-5.360287 -505.872135 315.207450
-5.360287 -505.717796 315.302021
-5.360287 -505.563491 315.396626
-5.360287 -505.409213 315.491275
-5.360287 -505.254965 315.585974
-5.360287 -505.100750 315.680726
-5.360287 -504.946564 315.775546
-5.360287 -504.792428 315.870426
-5.360287 -504.638338 315.965381
-5.360287 -504.484298 316.060417
-5.360287 -504.330314 316.155545
-5.360287 -504.176382 316.250777
-5.360287 -504.022526 316.346112
-5.360287 -503.868743 316.441566
-5.360287 -503.715040 316.537149
-5.360287 -503.561413 316.632877
-5.360287 -503.407889 316.728752
-5.360287 -503.254465 316.824790
-5.360287 -503.101150 316.921003
-5.360287 -502.947950 317.017404
-5.360287 -502.794864 317.114011
-5.360287 -502.641919 317.210827
-5.360287 -502.489114 317.307871
-5.360287 -502.336458 317.405155
-5.360287 -502.183958 317.502694
-5.360287 -502.031614 317.600507
-5.360287 -501.879453 317.698597
-5.360287 -501.727475 317.796983
-5.360287 -501.575688 317.895680
-5.360287 -501.424091 317.994707
-5.360287 -501.272711 318.094066
-5.360287 -501.121548 318.193777
-5.360287 -500.970609 318.293852
-5.360287 -500.819902 318.394305
-5.360287 -500.669427 318.495154
-5.360287 -500.519208 318.596400
-5.360287 -500.369244 318.698060
-5.360287 -500.219542 318.800145
-5.360287 -500.070108 318.902666
-5.360287 -499.920939 319.005638
-5.360287 -499.772059 319.109059
-5.360287 -499.623463 319.212942
-5.360287 -499.475156 319.317295
-5.360287 -499.327134 319.422130
-5.360287 -499.179417 319.527441
-5.360287 -499.031999 319.633238
-5.360287 -498.884882 319.739524
-5.360287 -498.738066 319.846300
-5.360287 -498.591545 319.953575
-5.360287 -498.445334 320.061334
-5.360287 -498.299425 320.169582
-5.360287 -498.153814 320.278315
-5.360287 -498.008490 320.387536
-5.360287 -497.863467 320.497224
-5.360287 -497.718730 320.607379
-5.360287 -497.574276 320.717991
-5.360287 -497.430095 320.829049
-5.360287 -497.286173 320.940547
-5.360287 -497.142518 321.052458
-5.360287 -496.999111 321.164773
-5.360287 -496.855942 321.277475
-5.360287 -496.712999 321.390544
-5.360287 -496.570261 321.503966
-5.360287 -496.427731 321.617707
-5.360287 -496.285388 321.731750
-5.360287 -496.143214 321.846069
-5.360287 -496.001186 321.960645
-5.360287 -495.859303 322.075436
-5.360287 -495.717539 322.190421
-5.360287 -495.575875 322.305569
-5.360287 -495.434293 322.420848
-5.360287 -495.292762 322.536233
-5.360287 -495.151281 322.651677
-5.360287 -495.009819 322.767152
-5.360287 -494.868354 322.882623
-5.360287 -494.726865 322.998055
-5.360287 -494.585321 323.113417
-5.360287 -494.443715 323.228660
-5.360287 -494.302018 323.343752
-5.360287 -494.160205 323.458658
-5.360287 -494.018246 323.573347
-5.360287 -493.876135 323.687767
-5.360287 -493.733840 323.801889
-5.360287 -493.591340 323.915677
-5.360287 -493.448611 324.029094
-5.360287 -493.305624 324.142111
-5.360287 -493.162374 324.254682
-5.360287 -493.018833 324.366779
-5.360287 -492.874980 324.478369
-5.360287 -492.730788 324.589428
-5.360287 -492.586255 324.699913
-5.360287 -492.441355 324.809802
-5.360287 -492.296072 324.919068
-5.360287 -492.150390 325.027686
-5.360287 -492.004286 325.135639
-5.360287 -491.857764 325.242893
-5.360287 -491.710804 325.349434
-5.360287 -491.563396 325.455246
-5.360287 -491.415529 325.560313
-5.360287 -491.267187 325.664629
-5.360287 -491.118381 325.768171
-5.360287 -490.969097 325.870937
-5.360287 -490.819333 325.972921
-5.360287 -490.669077 326.074126
-5.360287 -490.518346 326.174540
-5.360287 -490.367133 326.274170
-5.360287 -490.215441 326.373021
-5.360287 -490.063273 326.471100
-5.360287 -489.910627 326.568421
-5.360287 -489.757528 326.664987
-5.360287 -489.603975 326.760815
-5.360287 -489.449980 326.855925
-5.360287 -489.295554 326.950334
-5.360287 -489.140702 327.044070
-5.360287 -488.985455 327.137145
-5.360287 -488.829821 327.229592
-5.360287 -488.673818 327.321437
-5.360287 -488.517453 327.412716
-5.360287 -488.360765 327.503449
-5.360287 -488.203766 327.593676
-5.360287 -488.046476 327.683431
-5.360287 -487.888917 327.772750
-5.360287 -487.731105 327.861676
-5.360287 -487.573080 327.950237
-5.360287 -487.414857 328.038477
-5.360287 -487.256463 328.126437
-5.360287 -487.097911 328.214162
-5.360287 -486.939247 328.301684
-5.360287 -486.780486 328.389049
-5.360287 -486.621655 328.476299
-5.360287 -486.462779 328.563477
-5.360287 -486.303874 328.650629
-5.360287 -486.144986 328.737786
-5.360287 -485.986129 328.824996
-5.360287 -485.827331 328.912299
-5.360287 -485.668614 328.999737
-5.360287 -485.509996 329.087354
-5.360287 -485.351519 329.175180
-5.360287 -485.193199 329.263260
-5.360287 -485.035057 329.351632
-5.360287 -484.877110 329.440339
-5.360287 -484.719398 329.529409
-5.360287 -484.561935 329.618883
-5.360287 -484.404744 329.708797
-5.360287 -484.247845 329.799188
-5.360287 -484.091252 329.890096
-5.360287 -483.935004 329.981544
-5.360287 -483.779112 330.073572
-5.360287 -483.623598 330.166212
-5.360287 -483.468481 330.259498
-5.360287 -483.313770 330.353465
-5.360287 -483.159504 330.448133
-5.360287 -483.005690 330.543536
-5.360287 -482.852345 330.639703
-5.360287 -482.699477 330.736663
-5.360287 -482.547117 330.834430
-5.360287 -482.395270 330.933029
-5.360287 -482.243946 331.032479
-5.360287 -482.093154 331.132793
-5.360287 -481.942891 331.233988
-5.360287 -481.793179 331.336057
-5.360287 -481.644008 331.439005
-5.360287 -481.495374 331.542826
-5.360287 -481.347269 331.647507
-5.360287 -481.199672 331.753033
-5.360287 -481.052581 331.859362
-5.360287 -480.905964 331.966461
-5.360287 -480.759791 332.074281
-5.360287 -480.614017 332.182770
-5.360287 -480.468615 332.291843
-5.360287 -480.323526 332.401424
-5.360287 -480.178689 332.511416
-5.360287 -480.034040 332.621711
-5.360287 -479.889493 332.732194
-5.360287 -479.744981 332.842715
-5.360287 -479.600406 332.953130
-5.360287 -479.455665 333.063278
-5.360287 -479.310642 333.172987
-5.360287 -479.165238 333.282056
-5.360287 -479.019321 333.390292
-5.360287 -478.872761 333.497485
-5.360287 -478.725426 333.603416
-5.360287 -478.577169 333.707870
-5.360287 -478.427869 333.810609
-5.360287 -478.277382 333.911418
-5.360287 -478.125575 334.010083
-5.360287 -477.972326 334.106405
-5.360287 -477.817518 334.200213
-5.360287 -477.661081 334.291355
-5.360287 -477.502947 334.379738
-5.360287 -477.343090 334.465322
-5.360287 -477.181524 334.548148
-5.360287 -477.018346 334.628336
-5.360287 -476.853698 334.706134
-5.360287 -476.687814 334.781923
-5.360287 -476.521028 334.856248
-5.360287 -476.353786 334.929851
-5.360287 -476.186697 335.003682
-5.360287 -476.020499 335.078962
-5.360287 -475.856119 335.157196
-5.360287 -475.694688 335.240222
-5.360287 -475.537559 335.330259
-5.360287 -475.386377 335.429940
-5.360287 -475.243068 335.542413
-5.360287 -475.109928 335.671413
-5.360287 -474.989700 335.821413
-5.360287 -474.885714 335.997786
